10016
10016
10016
3,1023
10016
10016
10016
3,1024
10016
10016
10016
10016
4,1025
10016
10016
10017
10017
10017
5,1026
10017
10017
10017
10017
10017
10017
6,1027
10017
10017
10017
10018
10018
10018
10018
7,1028
10018
10018
10018
10018
10018
10018
10018
10018
8,1029
10018
10018
2,1032
10018
10018
2,1034
10018
10018
10019
3,1035
10019
10019
10019
10019
4,1036
10019
10019
10020
10020
10020
5,1037
10020
10020
10020
10020
10020
10020
6,1038
10020
10020
10021
10021
10021
10021
10021
7,1039
10021
10021
10021
10021
4,1042
10021
10021
10021
3,1043
10021
10021
10032
10032
4,1045
10032
10032
10041
10042
10042
10042
6,1046
10042
10042
10052
10052
10052
10052
6,1047
10052
10052
10062
10062
10062
5,1048
10062
10062
10072
10072
10072
10072
6,1049
10072
10072
10073
3,1052
10073
10073
10073
10073
4,1053
10073
10073
10083
10083
10083
10083
6,1054
10083
10083
10093
10093
10093
10093
6,1056
10093
10093
10103
10103
10103
5,1057
10103
10103
10113
10114
10114
5,1058
10114
10114
10123
10124
10124
5,1059
10124
10124
10124
10124
4,1062
10124
10124
10124
10124
10124
5,1063
10124
10124
10135
10135
10135
5,1064
10135
10135
10145
10145
4,1065
10145
10145
10155
10155
4,1067
10155
10155
10165
10165
10165
5,1068
10165
10165
10175
10175
10175
10175
6,1069
10175
10175
10175
10175
10175
5,1072
10175
10175
10176
10176
10176
5,1073
10176
10176
10186
10186
10186
5,1074
10186
10186
10196
10196
4,1075
10196
10196
10206
10206
4,1076
10206
10206
10216
10216
4,1078
10216
10216
10226
10226
10226
10226
6,1079
10226
10226
10227
10227
10227
10227
6,1082
10227
10227
10227
10227
10227
10227
6,1083
10227
10227
10237
10238
10238
5,1084
10238
10238
10247
10248
10248
5,1085
10248
10248
10258
10258
10258
5,1086
10258
10258
10268
10268
4,1087
10268
10268
10278
10278
10278
10278
6,1089
10278
10278
10279
10279
10279
10279
10279
7,1092
10279
10279
10279
10279
10279
10279
10279
7,1093
10279
10279
10289
10289
10289
10289
6,1094
10289
10289
10300
10300
10300
10300
6,1095
10300
10300
10310
10310
10310
10310
6,1096
10310
10310
10320
10320
10320
5,1097
10320
10320
10330
10330
10330
5,1098
10330
10330
10330
10330
4,1203
10330
10330
10331
10331
10331
5,1204
10331
10331
10331
10331
4,1205
10331
10331
10332
10332
10332
5,1206
10332
10332
10332
10332
10332
5,1207
10332
10332
10333
10333
10333
10333
6,1208
10333
10333
10333
10333
10333
10333
10333
7,1209
10333
10333
10333
3,1230
10333
10333
10334
10334
4,1234
10334
10334
10334
10334
4,1235
10334
10334
10334
10334
4,1236
10334
10334
10335
10335
10335
5,1237
10335
10335
10335
10335
10335
10335
6,1238
10335
10335
10336
10336
10336
10336
10336
7,1239
10336
10336
10336
10336
4,1240
10336
10336
10337
10337
10337
5,1243
10337
10337
10346
3,1245
10346
10346
10356
10357
4,1246
10357
10357
10369
10370
4,1247
10370
10370
10380
10380
10380
5,1248
10380
10380
10392
10392
10392
10392
6,1249
10392
10392
10392
10392
10392
5,1250
10392
10392
10393
10393
4,1253
10393
10393
10406
10406
4,1254
10406
10406
10418
10418
10418
5,1256
10418
10418
10430
10430
10430
5,1257
10430
10430
10441
10441
10441
10441
6,1258
10441
10441
10451
10451
10451
10451
6,1259
10451
10451
10452
10452
10452
5,1260
10452
10452
10452
10452
4,1263
10452
10452
10462
3,1264
10462
10462
10472
10472
10472
5,1265
10472
10472
10482
10482
10482
5,1267
10482
10482
10492
10492
10492
5,1268
10492
10492
10502
10502
10502
10502
6,1269
10502
10502
10503
10503
10503
10503
6,1270
10503
10503
10503
10503
10503
5,1273
10503
10503
10514
10514
4,1274
10514
10514
10524
10524
10524
5,1275
10524
10524
10534
10534
10534
5,1276
10534
10534
10544
10544
4,1278
10544
10544
10554
10555
10555
10555
6,1279
10555
10555
10555
10555
10555
10555
6,1280
10555
10555
10555
10555
10555
10555
6,1283
10555
10555
10565
10566
10566
5,1284
10566
10566
10580
10580
10580
5,1285
10580
10580
10591
10591
10591
5,1286
10591
10591
10601
10601
10601
5,1287
10601
10601
10611
10611
10611
10611
6,1289
10611
10611
10612
10612
10612
10612
10612
7,1290
10612
10612
10612
10612
10612
10612
10612
7,1293
10612
10612
10622
10622
10622
10622
6,1294
10622
10622
10632
10632
10632
10632
6,1295
10632
10632
10642
10642
10642
10642
6,1296
10642
10642
10652
10652
10652
10652
6,1297
10652
10652
10662
10662
10662
5,1298
10662
10662
10662
10662
4,1302
10662
10662
10663
3,1304
10663
10663
10663
10663
4,1305
10663
10663
10664
10664
10664
5,1306
10664
10664
10664
10664
10664
10664
6,1307
10664
10664
10665
10665
10665
10665
10665
7,1308
10665
10665
10665
10665
10665
10665
10665
10665
8,1309
10665
10665
10665
3,1320
10665
10665
10666
10666
10666
10666
6,1324
10666
10666
10666
10666
10666
5,1325
10666
10666
10666
10666
4,1326
10666
10666
10667
10667
10667
5,1327
10667
10667
10667
10667
10667
10667
6,1328
10667
10667
10667
10667
10667
10667
10667
7,1329
10667
10667
10668
3,1340
10668
10668
10668
10668
4,1342
10668
10668
10678
3,1345
10678
10678
10688
10688
4,1346
10688
10688
10698
10698
10698
5,1347
10698
10698
10708
10708
10708
10708
6,1348
10708
10708
10718
10718
10718
10718
10718
7,1349
10718
10718
10718
10718
4,1350
10718
10718
10719
10719
4,1352
10719
10719
10729
3,1354
10729
10729
10739
10739
10739
5,1356
10739
10739
10749
10749
10749
5,1357
10749
10749
10759
10759
10759
10759
6,1358
10759
10759
10769
10769
10769
10769
10769
7,1359
10769
10769
10769
10769
10769
5,1360
10769
10769
10770
10770
10770
5,1362
10770
10770
10779
10779
4,1364
10779
10779
10789
10789
4,1365
10789
10789
10799
10799
4,1367
10799
10799
10809
10810
10810
5,1368
10810
10810
10820
10820
10820
10820
6,1369
10820
10820
10820
10820
10820
10820
6,1370
10820
10820
10821
10821
10821
10821
6,1372
10821
10821
10831
10831
10831
5,1374
10831
10831
10841
10841
10841
5,1375
10841
10841
10850
10851
10851
5,1376
10851
10851
10861
10861
4,1378
10861
10861
10871
10871
10871
5,1379
10871
10871
10872
10872
10872
10872
10872
7,1380
10872
10872
10872
10872
10872
10872
10872
7,1382
10872
10872
10882
10882
10882
10882
6,1384
10882
10882
10892
10892
10892
10892
6,1385
10892
10892
10902
10902
10902
10902
6,1386
10902
10902
10912
10912
10912
5,1387
10912
10912
10922
10923
10923
5,1389
10923
10923
10923
10923
10923
10923
10923
10923
8,1390
10923
10923
10924
10924
10924
10924
10924
10924
8,1392
10924
10924
10933
10933
10933
10933
10933
7,1394
10933
10933
10943
10943
10943
10943
10943
7,1395
10943
10943
10953
10953
10954
10954
6,1396
10954
10954
10963
10964
10964
10964
6,1397
10964
10964
10974
10974
10974
10974
6,1398
10974
10974
10974
10974
10974
5,1402
10974
10974
10975
10975
4,1403
10975
10975
10985
10985
10985
5,1405
10985
10985
10995
3,1406
10995
10995
11005
11005
4,1407
11005
11005
11015
11015
11015
5,1408
11015
11015
11025
11025
11025
11025
6,1409
11025
11025
11025
3,1420
11025
11025
11025
3,1423
11025
11025
11028
11028
11028
5,1425
11028
11028
11031
11032
4,1426
11032
11032
11035
11035
4,1427
11035
11035
11038
11039
11039
5,1428
11039
11039
11042
11042
11042
11042
6,1429
11042
11042
11042
11042
4,1430
11042
11042
11043
11043
4,1432
11043
11043
2,1435
11053
11053
11063
3,1436
11063
11063
11073
11073
4,1437
11073
11073
11083
11083
11083
5,1438
11083
11083
11093
11093
11093
11093
6,1439
11093
11093
11102
11102
4,1450
11102
11102
11112
11112
4,1452
11112
11112
11116
11116
11116
5,1453
11116
11116
2,1456
11129
11129
11142
3,1457
11142
11142
11156
11156
4,1458
11156
11156
11169
11169
11169
5,1459
11169
11169
11179
11179
4,1460
11179
11179
11189
11189
11189
5,1462
11189
11189
11192
11192
11192
5,1463
11192
11192
11205
3,1465
11205
11205
11219
11219
4,1467
11219
11219
11232
11232
4,1468
11232
11232
11245
11245
11245
5,1469
11245
11245
11255
11255
4,1470
11255
11255
11265
11265
11265
5,1472
11265
11265
11268
11269
11269
5,1473
11269
11269
11282
11282
11282
5,1475
11282
11282
11295
11295
4,1476
11295
11295
11308
3,1478
11308
11308
11322
11322
4,1479
11322
11322
11332
11332
11332
5,1480
11332
11332
11342
11342
11342
5,1482
11342
11342
11345
11345
4,1483
11345
11345
11358
11358
11358
5,1485
11358
11358
11372
11372
4,1486
11372
11372
11385
11385
4,1487
11385
11385
11398
11398
4,1489
11398
11398
11408
11408
11408
11408
6,1490
11408
11408
11418
11418
11418
11418
6,1492
11418
11418
11422
11422
11422
5,1493
11422
11422
11435
11435
11435
5,1495
11435
11435
11449
11449
11449
5,1496
11449
11449
11462
11462
11462
5,1497
11462
11462
11476
11476
11476
5,1498
11476
11476
11476
11476
4,1502
11476
11476
11477
11477
4,1503
11477
11477
11487
11487
11487
11487
11487
7,1504
11487
11487
11497
11497
11497
11497
6,1506
11497
11497
11508
11508
11508
11508
6,1507
11508
11508
11518
11518
11518
11518
6,1508
11518
11518
11529
11529
11529
11529
6,1509
11529
11529
11530
11530
4,1520
11530
11530
11530
3,1523
11530
11530
11533
11533
11533
5,1524
11533
11533
11536
11536
11536
5,1526
11536
11536
11540
11540
11540
5,1527
11540
11540
11543
11543
11543
5,1528
11543
11543
11547
11547
11547
11547
6,1529
11547
11547
11547
3,1530
11547
11547
11548
11548
4,1532
11548
11548
11558
11558
4,1534
11558
11558
11568
11568
4,1536
11568
11568
11578
11578
11578
5,1537
11578
11578
11588
11588
11588
11588
6,1538
11588
11588
11598
11598
11598
11598
11598
7,1539
11598
11598
11608
11608
11608
5,1540
11608
11608
11621
11621
4,1542
11621
11621
11625
11625
11625
5,1543
11625
11625
11641
11641
4,1546
11641
11641
11655
11655
11655
5,1547
11655
11655
11671
11671
11671
5,1548
11671
11671
11686
11686
11686
11686
6,1549
11686
11686
11697
11697
11697
11697
6,1560
11697
11697
11708
11708
11708
5,1562
11708
11708
11711
11712
11712
11712
6,1563
11712
11712
11726
3,1564
11726
11726
11741
11741
11741
5,1567
11741
11741
11756
11756
11756
5,1568
11756
11756
11770
11770
11770
11770
6,1569
11770
11770
11781
11781
11781
11781
6,1570
11781
11781
11791
11792
11792
5,1572
11792
11792
11795
11795
11795
11795
6,1573
11795
11795
11809
11809
11809
11809
6,1574
11809
11809
11823
11823
4,1576
11823
11823
11838
11839
4,1578
11839
11839
11853
11853
11853
11853
6,1579
11853
11853
11864
11865
11865
11865
6,1580
11865
11865
11875
11875
11875
5,1582
11875
11875
11879
11879
11879
11879
6,1583
11879
11879
11893
11893
11893
11893
6,1584
11893
11893
11907
11907
4,1586
11907
11907
11921
11922
11922
5,1587
11922
11922
11937
11937
11937
11937
6,1589
11937
11937
11948
11948
11948
11948
6,1590
11948
11948
11959
11959
11959
11959
6,1592
11959
11959
11963
11963
11963
11963
6,1593
11963
11963
11977
11977
11977
11977
6,1594
11977
11977
11991
11991
11991
5,1596
11991
11991
12006
12006
12006
12006
6,1597
12006
12006
12020
12021
12021
5,1598
12021
12021
12021
12021
12021
12021
6,1602
12021
12021
12021
12021
4,1603
12021
12021
12032
12032
12032
12032
6,1604
12032
12032
12043
12043
12043
5,1605
12043
12043
12053
3,1607
12053
12053
12064
12064
4,1608
12064
12064
12076
12076
12076
5,1609
12076
12076
12076
12076
12076
5,1620
12076
12076
12076
12076
4,1623
12076
12076
12079
12080
4,1624
12080
12080
12083
12083
12083
5,1625
12083
12083
12086
12086
12086
5,1627
12086
12086
12090
12090
12090
5,1628
12090
12090
12093
12093
12093
5,1629
12093
12093
12094
12094
4,1630
12094
12094
12094
12094
4,1632
12094
12094
12104
12104
12104
5,1634
12104
12104
12114
12114
4,1635
12114
12114
12124
12124
12124
5,1637
12124
12124
12134
12134
12134
5,1638
12134
12134
12144
12144
12144
12144
6,1639
12144
12144
12154
12154
12154
12154
6,1640
12154
12154
12164
12165
4,1642
12165
12165
12168
12168
12168
5,1643
12168
12168
12181
12181
4,1645
12181
12181
12195
12195
12195
5,1647
12195
12195
12208
12208
12208
5,1648
12208
12208
12222
12222
12222
12222
6,1649
12222
12222
12232
12232
12232
12232
6,1650
12232
12232
12242
12243
12243
5,1652
12243
12243
12246
12246
12246
5,1653
12246
12246
12260
12260
12260
5,1654
12260
12260
12273
12273
12273
5,1657
12273
12273
12287
12287
12287
5,1658
12287
12287
12300
12300
12300
5,1659
12300
12300
12310
12310
12310
5,1670
12310
12310
12320
12321
12321
5,1672
12321
12321
12324
3,1673
12324
12324
12337
12337
12337
12337
6,1674
12337
12337
12351
12351
12351
5,1675
12351
12351
12364
12364
12364
5,1678
12364
12364
12378
12378
12378
5,1679
12378
12378
12388
12388
12388
5,1680
12388
12388
12398
12398
12398
5,1682
12398
12398
12401
12402
4,1683
12402
12402
12415
12415
12415
12415
6,1684
12415
12415
12428
12428
12428
5,1685
12428
12428
12441
12442
12442
12442
6,1687
12442
12442
12455
12455
12455
5,1689
12455
12455
12465
12465
12465
12465
6,1690
12465
12465
12475
12475
12475
12475
6,1692
12475
12475
12479
12479
12479
5,1693
12479
12479
12492
12492
12492
12492
6,1694
12492
12492
12505
12505
12505
12505
6,1695
12505
12505
12519
12519
12519
12519
6,1697
12519
12519
12532
12533
12533
12533
6,1698
12533
12533
12533
12533
12533
5,1702
12533
12533
12533
12533
12533
5,1703
12533
12533
12544
12544
12544
12544
6,1704
12544
12544
12554
12554
4,1705
12554
12554
12564
12564
12564
12564
6,1706
12564
12564
12574
12574
12574
5,1708
12574
12574
12585
12585
12585
5,1709
12585
12585
12585
12585
12585
12585
6,1720
12585
12585
12585
12585
12585
5,1723
12585
12585
12589
12589
4,1724
12589
12589
12593
12593
12593
5,1725
12593
12593
12597
12597
12597
12597
6,1726
12597
12597
12601
12601
12601
5,1728
12601
12601
12605
12605
12605
5,1729
12605
12605
12606
12606
12606
5,1730
12606
12606
12607
12607
12607
5,1732
12607
12607
12620
12620
12620
5,1734
12620
12620
12631
12631
4,1735
12631
12631
12642
12642
12642
5,1736
12642
12642
12654
12654
12654
5,1738
12654
12654
12665
12665
12665
12665
6,1739
12665
12665
12676
12676
12676
5,1740
12676
12676
12687
12687
4,1742
12687
12687
12691
12691
12691
5,1743
12691
12691
12705
12705
4,1745
12705
12705
12719
3,1746
12719
12719
12732
12732
4,1748
12732
12732
12746
12746
12746
5,1749
12746
12746
12756
12756
12756
12756
12756
7,1750
12756
12756
12766
12767
4,1752
12767
12767
12770
12770
12770
5,1753
12770
12770
12783
12783
12783
5,1754
12783
12783
12797
12797
12797
5,1756
12797
12797
12810
12810
12810
5,1758
12810
12810
12824
12824
12824
5,1759
12824
12824
12834
12834
12834
5,1760
12834
12834
12844
12844
12844
5,1762
12844
12844
12847
12847
4,1763
12847
12847
12861
12861
12861
12861
6,1764
12861
12861
12878
12878
4,1765
12878
12878
12894
12895
12895
5,1768
12895
12895
12911
12911
12911
12911
12911
7,1769
12911
12911
12922
12923
12923
5,1780
12923
12923
12934
12934
12934
5,1782
12934
12934
12938
12938
4,1783
12938
12938
12955
12955
4,1784
12955
12955
12970
12970
12970
12970
6,1785
12970
12970
12990
12990
4,1786
12990
12990
13009
13009
13009
13009
6,1789
13009
13009
13022
13023
13023
5,1790
13023
13023
13036
13036
13036
5,1792
13036
13036
13040
13040
13040
5,1793
13040
13040
13059
13059
13059
5,1794
13059
13059
13078
13078
13078
13078
13078
7,1795
13078
13078
13096
13096
13096
5,1796
13096
13096
13112
13112
13112
13112
6,1798
13112
13112
13113
13113
13113
13113
6,1802
13113
13113
13113
13113
13113
13113
6,1803
13113
13113
13126
13126
13126
13126
6,1804
13126
13126
13139
13139
13139
5,1805
13139
13139
13151
13151
13151
13151
6,1806
13151
13151
13164
13165
13165
5,1807
13165
13165
13177
13177
13177
5,1809
13177
13177
13178
13178
13178
13178
13178
7,1820
13178
13178
13178
13178
13178
13178
6,1823
13178
13178
13182
13182
13182
5,1824
13182
13182
13186
13186
13186
5,1825
13186
13186
13190
13190
13190
13190
6,1826
13190
13190
13194
13194
13194
13194
6,1827
13194
13194
13198
13199
4,1829
13199
13199
13199
13199
13199
13199
6,1830
13199
13199
13200
13200
13200
13200
6,1832
13200
13200
13211
13212
13212
13212
6,1834
13212
13212
13223
13223
13223
5,1835
13223
13223
13236
13236
13236
13236
6,1836
13236
13236
13249
13249
13249
5,1837
13249
13249
13262
13262
13262
5,1839
13262
13262
13274
13275
13275
13275
6,1840
13275
13275
13288
13288
13288
5,1842
13288
13288
13293
13293
13293
5,1843
13293
13293
13310
13310
13310
5,1845
13310
13310
13328
13328
4,1846
13328
13328
13346
13346
13346
5,1847
13346
13346
13362
13363
4,1849
13363
13363
13376
13377
13377
13377
6,1850
13377
13377
13390
13390
13390
5,1852
13390
13390
13394
13394
13394
5,1853
13394
13394
13414
13414
4,1854
13414
13414
13433
13433
13433
5,1856
13433
13433
13452
13452
13452
5,1857
13452
13452
13471
13471
13471
5,1859
13471
13471
13484
13484
13484
13484
6,1860
13484
13484
13498
13498
13498
13498
6,1862
13498
13498
13503
13503
13503
5,1863
13503
13503
13521
13522
13522
13522
6,1864
13522
13522
13540
13540
13540
5,1865
13540
13540
13559
13560
13560
5,1867
13560
13560
13581
13581
13581
13581
6,1869
13581
13581
13597
13597
13597
5,1870
13597
13597
13611
13611
13611
5,1872
13611
13611
13616
13616
13616
5,1873
13616
13616
13636
13636
13636
5,1874
13636
13636
13656
13656
13656
13656
6,1875
13656
13656
13675
13675
13675
13675
6,1876
13675
13675
13696
13696
13696
5,1879
13696
13696
13708
13708
13708
13708
13708
7,1890
13708
13708
13723
13723
13723
13723
6,1892
13723
13723
13728
13728
4,1893
13728
13728
13747
13747
13747
5,1894
13747
13747
13764
13765
13765
13765
6,1895
13765
13765
13782
13782
13782
13782
6,1896
13782
13782
13800
13800
13800
13800
6,1897
13800
13800
13801
13801
13801
13801
13801
7,1902
13801
13801
13801
13801
13801
13801
13801
7,1903
13801
13801
13814
13814
13814
13814
6,1904
13814
13814
13827
13827
13827
13827
6,1905
13827
13827
13840
13840
13840
13840
6,1906
13840
13840
13852
13853
13853
5,1907
13853
13853
13865
13865
13865
13865
6,1908
13865
13865
13865
13865
13865
13865
13865
13865
8,1920
13865
13865
13865
13865
13865
13865
13865
7,1923
13865
13865
13870
13870
13870
13870
6,1924
13870
13870
13874
13874
13874
13874
6,1925
13874
13874
13879
13879
13879
13879
6,1926
13879
13879
13884
13884
13884
13884
6,1927
13884
13884
13889
13890
13890
5,1928
13890
13890
13890
13890
13890
13890
13890
7,1930
13890
13890
13891
13891
13891
13891
13891
7,1932
13891
13891
13906
13906
13907
13907
13907
7,1934
13907
13907
13920
13920
13920
13920
6,1935
13920
13920
13933
13933
13933
13933
6,1936
13933
13933
13947
13947
13947
13947
6,1937
13947
13947
13961
13961
13961
13961
6,1938
13961
13961
13974
13974
13974
13974
6,1940
13974
13974
13987
13987
13987
13987
6,1942
13987
13987
13991
13991
13991
5,1943
13991
13991
14010
14010
14010
14010
6,1945
14010
14010
14030
14030
14030
5,1946
14030
14030
14045
14045
14045
5,1947
14045
14045
14059
14060
14060
5,1948
14060
14060
14070
14070
14070
14070
14070
7,1950
14070
14070
14080
14080
14080
14080
6,1952
14080
14080
14084
14084
14084
14084
6,1953
14084
14084
14098
14098
14098
5,1954
14098
14098
14111
14111
14111
14111
6,1956
14111
14111
14125
14125
4,1957
14125
14125
14138
14139
14139
5,1958
14139
14139
14149
14149
14149
14149
6,1960
14149
14149
14159
14159
14159
5,1962
14159
14159
14162
14162
14162
5,1963
14162
14162
14176
14176
14176
14176
6,1964
14176
14176
14190
14190
14190
14190
6,1965
14190
14190
14203
14204
14204
14204
6,1967
14204
14204
14217
14218
14218
14218
6,1968
14218
14218
14228
14228
14228
14228
6,1970
14228
14228
14238
14238
14238
14238
6,1972
14238
14238
14241
14241
14241
5,1973
14241
14241
14255
14255
14255
14255
6,1974
14255
14255
14269
14269
14269
14269
14269
7,1975
14269
14269
14283
14283
14283
5,1976
14283
14283
14296
14297
14297
14297
6,1978
14297
14297
14307
14307
14307
14307
6,1980
14307
14307
14317
14317
14317
14317
14317
7,1982
14317
14317
14320
14320
14320
5,1983
14320
14320
14334
14335
14335
5,1984
14335
14335
14348
14348
14348
14348
14348
7,1985
14348
14348
14362
14362
14362
14362
6,1986
14362
14362
14376
14376
14376
5,1987
